3990512
714612
2528767
821387
1880028
4448097
1287437
2956570
1351675
1783010
2799913
2142044
707303
676028
2484180
2307305
2814599
3369088
1702151
851124
3698636
1844896
2290758
143833
3910925
2643507
1502604
4283542
3554263
3313308
4357460
2582920
4462511
2795030
312215
3363149
1944018
788976
4385316
551239
3499881
4311093
4256593
1017690
667488
3507491
2634143
3396066
2892478
3155314
785823
2815090
2713171
1821193
4185501
4473331
4190287
1937374
1459749
23464
4377861
3385681
1794677
3301173
204633
3960080
1262692
558570
1167882
3295055
100653
2619912
1663853
2592121
2182052
1623623
3078448
3074429
1119420
1290612
2529114
204963
4367654
3639660
4197214
1015624
1082595
3239329
3874326
1254390
4018891
3552010
1968489
443848
4372730
896725
2180086
34041
229303
2446614
654124
3577501
8293
4012558
922849
2976644
1866981
4467100
2551845
3559048
823384
849221
3280768
4288761
2847807
2018562
1035857
2008017
1862795
421753
1477322
1607728
103830
3971195
4153592
2382487
2380990
484496
4003223
4185395
1292734
3389038
474417
3278654
4365565
354733
224109
4126337
1957887
78762
159716
481173
2814722
3040435
953489
2309774
1152934
387874
2291272
3411123
4165406
2418598
3496147
2452795
225575
2838988
456214
761742
3825386
2443586
172731
2783398
402514
4278201
2539741
3714728
3778229
3640705
1077370
1373069
1063812
2722241
746920
1977054
1199639
2785579
1964316
3206998
2864267
3382736
949154
1364894
2797224
765138
2479423
2862887
4250296
3872395
4473137
1509982
3269759
3723508
1282199
4196421
1850323
2192891
4406669
1582877
1340574
1971899
